//
/*
 Copyright (c) 2022, Apple Inc. All rights reserved.
 
 Redistribution and use in source and binary forms, with or without modification,
 are permitted provided that the following conditions are met:
 
 1.  Redistributions of source code must retain the above copyright notice, this
 list of conditions and the following disclaimer.
 
 2.  Redistributions in binary form must reproduce the above copyright notice,
 this list of conditions and the following disclaimer in the documentation and/or
 other materials provided with the distribution.
 
 3.  Neither the name of the copyright holder(s) nor the names of any contributors
 may be used to endorse or promote products derived from this software without
 specific prior written permission. No license is granted to the trademarks of
 the copyright holders even if such marks are included in this software.
 
 THIS SOFTWARE IS PROVIDED BY THE COPYRIGHT HOLDERS AND CONTRIBUTORS "AS IS"
 AND ANY EXPRESS OR IMPLIED WARRANTIES, INCLUDING, BUT NOT LIMITED TO, THE
 IMPLIED WARRANTIES OF MERCHANTABILITY AND FITNESS FOR A PARTICULAR PURPOSE
 ARE DISCLAIMED. IN NO EVENT SHALL THE COPYRIGHT OWNER OR CONTRIBUTORS BE LIABLE
 FOR ANY DIRECT, INDIRECT, INCIDENTAL, SPECIAL, EXEMPLARY, OR CONSEQUENTIAL
 DAMAGES (INCLUDING, BUT NOT LIMITED TO, PROCUREMENT OF SUBSTITUTE GOODS OR
 SERVICES; LOSS OF USE, DATA, OR PROFITS; OR BUSINESS INTERRUPTION) HOWEVER
 CAUSED AND ON ANY THEORY OF LIABILITY, WHETHER IN CONTRACT, STRICT LIABILITY,
 OR TORT (INCLUDING NEGLIGENCE OR OTHERWISE) ARISING IN ANY WAY OUT OF THE USE
 OF THIS SOFTWARE, EVEN IF ADVISED OF THE POSSIBILITY OF SUCH DAMAGE.
 */
// apple-internal

import XCTest
import Accelerate
@testable import ResearchKit

@available(iOS 14, *)
class ORKNewAudiometryTests: XCTestCase {
    override func setUpWithError() throws {}

    override func tearDownWithError() throws {}

    func testBark() throws {
        let audiometry = ORKNewAudiometry(channel: .left)
        let bark = audiometry.bark(Vector([500.0,3000.0,8000.0]))
        let expected = [4.55091682, 13.87463005, 19.70890583]
        
        for (value1, value2) in zip(bark.elements, expected) {
            XCTAssertEqual(value1, value2, accuracy: 0.00000001)
        }
    }
    
    func testHz() throws {
        let audiometry = ORKNewAudiometry(channel: .left)
        let hz = audiometry.hz(Vector([5.0, 13.0, 18.0]))
        let expected = [559.91330472, 2584.37385592, 6010.72495645]
        
        for (value1, value2) in zip(hz.elements, expected) {
            XCTAssertEqual(value1, value2, accuracy: 0.00000001)
        }
    }
    
    func testSigmoid() throws {
        let sigmoid = ORKNewAudiometry.sigmoid(Vector([1.0, 2.0, 3.5]))
        let expected = [0.73105858, 0.88079708, 0.97068777]
        
        for (value1, value2) in zip(sigmoid.elements, expected) {
            XCTAssertEqual(value1, value2, accuracy: 0.00000001)
        }
    }
    
    func testW() throws {
        let w = ORKNewAudiometry.w(Vector([-0.5, 0, 0.5, 2]))
        let expected = Matrix(elements: [0.23500371, 0.00000000, 0.00000000, 0.00000000,
                                         0.00000000, 0.25000000, 0.00000000, 0.00000000,
                                         0.00000000, 0.00000000, 0.23500371, 0.00000000,
                                         0.00000000, 0.00000000, 0.00000000, 0.10499359], rows: 4, columns: 4)
        
        XCTAssertEqual(w.shape, expected.shape)
        
        for (value1, value2) in zip(w.elements, expected.elements) {
            XCTAssertEqual(value1, value2, accuracy: 0.00000001)
        }
    }
    
    func testKernel1() throws {
        let theta = Vector([3.0, 10.0])
        let x1 = Matrix(elements:[ 7.70277398, 45.0,
                                   7.70277398, 65.0,
                                  11.51337883, 55.0,
                                  15.57507173, 65.0,
                                  19.70890583, 45.0,
                                  19.70890583, 65.0,
                                  19.70890583, 85.0,
                                   4.55091682, 75.0,
                                   2.43279065, 55.0,
                                   2.43279065, 35.0], rows: 10, columns: 2)
        
        let kernel_res1 = ORKNewAudiometry.kernel(x1, x1, theta: theta, length: 2)
        let expected1 = Matrix(elements: [2134.00000000, 3034.00000000, 2576.46541124, 3025.00388975, 2125.00000013, 3025.00000013, 3925.00000013, 3477.59983799, 2575.27960819, 1675.27960819,
                                          3034.00000000, 4334.00000000, 3676.46541124, 4325.00388975, 3025.00000013, 4325.00000013, 5625.00000013, 4977.59983799, 3675.27960819, 2375.27960819,
                                          2576.46541124, 3676.46541124, 3134.00000000, 3676.14460080, 2575.00203226, 3675.00203226, 4775.00203226, 4225.02102044, 3125.00030055, 2025.00030055,
                                          3025.00388975, 4325.00388975, 3676.14460080, 4334.00000000, 3026.06305999, 4326.06305999, 5626.06305999, 4975.00000227, 3675.00000000, 2375.00000000,
                                          2125.00000013, 3025.00000013, 2575.00203226, 3026.06305999, 2134.00000000, 3034.00000000, 3934.00000000, 3475.00000000, 2575.00000000, 1675.00000000,
                                          3025.00000013, 4325.00000013, 3675.00203226, 4326.06305999, 3034.00000000, 4334.00000000, 5634.00000000, 4975.00000000, 3675.00000000, 2375.00000000,
                                          3925.00000013, 5625.00000013, 4775.00203226, 5626.06305999, 3934.00000000, 5634.00000000, 7334.00000000, 6475.00000000, 4775.00000000, 3075.00000000,
                                          3477.59983799, 4977.59983799, 4225.02102044, 4975.00000227, 3475.00000000, 4975.00000000, 6475.00000000, 5734.00000000, 4230.13673297, 2730.13673297,
                                          2575.27960819, 3675.27960819, 3125.00030055, 3675.00000000, 2575.00000000, 3675.00000000, 4775.00000000, 4230.13673297, 3134.00000000, 2034.00000000,
                                          1675.27960819, 2375.27960819, 2025.00030055, 2375.00000000, 1675.00000000, 2375.00000000, 3075.00000000, 2730.13673297, 2034.00000000, 1334.00000000], rows: 10, columns: 10)
        
        XCTAssertEqual(kernel_res1.shape, expected1.shape)
        
        for (value1, value2) in zip(kernel_res1.elements, expected1.elements) {
            XCTAssertEqual(value1, value2, accuracy: 0.00000001)
        }
    }
    
    func testKernel2() throws {
        let theta = Vector([3.0, 10.0])
        let x1 = Matrix(elements:[ 7.70277398, 45.0,
                                   7.70277398, 65.0,
                                  11.51337883, 55.0,
                                  15.57507173, 65.0,
                                  19.70890583, 45.0,
                                  19.70890583, 65.0,
                                  19.70890583, 85.0,
                                   4.55091682, 75.0,
                                   2.43279065, 55.0,
                                   2.43279065, 35.0], rows: 10, columns: 2)
        
        let x2 = Matrix(elements:[ 2.43279065, -15.0,     2.43279065, -10.0,     2.43279065, -5.0,     2.43279065,  0.0,     2.43279065,  5.0,     2.43279065, 10.0,
                                   2.43279065,  15.0,     2.43279065,  20.0,     2.43279065, 25.0,     2.43279065, 30.0,     2.43279065, 35.0,     2.43279065, 40.0,
                                   2.43279065,  45.0,     2.43279065,  50.0,     2.43279065, 55.0,     2.43279065, 60.0,     2.43279065, 65.0,     2.43279065, 70.0,
                                   7.43279065, -15.0,     7.43279065, -10.0,     7.43279065, -5.0,     7.43279065,  0.0,     7.43279065,  5.0,     7.43279065, 10.0,
                                   7.43279065,  15.0,     7.43279065,  20.0,     7.43279065, 25.0,     7.43279065, 30.0,     7.43279065, 35.0,     7.43279065, 40.0,
                                   7.43279065,  45.0,     7.43279065,  50.0,     7.43279065, 55.0,     7.43279065, 60.0,     7.43279065, 65.0,     7.43279065, 70.0,
                                  12.43279065, -15.0,    12.43279065, -10.0,    12.43279065, -5.0,    12.43279065,  0.0,    12.43279065,  5.0,    12.43279065, 10.0,
                                  12.43279065,  15.0,    12.43279065,  20.0,    12.43279065, 25.0,    12.43279065, 30.0,    12.43279065, 35.0,    12.43279065, 40.0,
                                  12.43279065,  45.0,    12.43279065,  50.0,    12.43279065, 55.0,    12.43279065, 60.0,    12.43279065, 65.0,    12.43279065, 70.0,
                                  17.43279065, -15.0,    17.43279065, -10.0,    17.43279065, -5.0,    17.43279065,  0.0,    17.43279065,  5.0,    17.43279065, 10.0,
                                  17.43279065,  15.0,    17.43279065,  20.0,    17.43279065, 25.0,    17.43279065, 30.0,    17.43279065, 35.0,    17.43279065, 40.0,
                                  17.43279065,  45.0,    17.43279065,  50.0,    17.43279065, 55.0,    17.43279065, 60.0,    17.43279065, 65.0,    17.43279065, 70.0], rows: 72, columns: 2)
    
        let kernel_res = ORKNewAudiometry.kernel(x1, x2, theta: theta, length: 2)
        
        let expected = Matrix(elements: [ -574.72039181, -349.72039181,  -124.72039181,  100.27960819,          325.27960819,  550.27960819,   775.27960819, 1000.27960819,
                                           1225.27960819, 1450.27960819,  1675.27960819, 1900.27960819,         2125.27960819, 2350.27960819,  2575.27960819, 2800.27960819,
                                           3025.27960819, 3250.27960819,  -566.08162993, -341.08162993,         -116.08162993,  108.91837007,   333.91837007,  558.91837007,
                                            783.91837007, 1008.91837007,  1233.91837007, 1458.91837007,         1683.91837007, 1908.91837007,  2133.91837007, 2358.91837007,
                                           2583.91837007, 2808.91837007,  3033.91837007, 3258.91837007,         -574.45086317, -349.45086317,  -124.45086317,  100.54913683,
                                            325.54913683,  550.54913683,   775.54913683, 1000.54913683,         1225.54913683, 1450.54913683,  1675.54913683, 1900.54913683,
                                           2125.54913683, 2350.54913683,  2575.54913683, 2800.54913683,         3025.54913683, 3250.54913683,  -574.99993473, -349.99993473,
                                           -124.99993473,  100.00006527,   325.00006527,  550.00006527,          775.00006527, 1000.00006527,  1225.00006527, 1450.00006527,
                                           1675.00006527, 1900.00006527,  2125.00006527, 2350.00006527,         2575.00006527, 2800.00006527,  3025.00006527, 3250.00006527,
                                           -874.72039181, -549.72039181,  -224.72039181,  100.27960819,          425.27960819,  750.27960819,  1075.27960819, 1400.27960819,
                                           1725.27960819, 2050.27960819,  2375.27960819, 2700.27960819,         3025.27960819, 3350.27960819,  3675.27960819, 4000.27960819,
                                           4325.27960819, 4650.27960819,  -866.08162993, -541.08162993,         -216.08162993,  108.91837007,   433.91837007,  758.91837007,
                                           1083.91837007, 1408.91837007,  1733.91837007, 2058.91837007,         2383.91837007, 2708.91837007,  3033.91837007, 3358.91837007,
                                           3683.91837007, 4008.91837007,  4333.91837007, 4658.91837007,         -874.45086317, -549.45086317,  -224.45086317,  100.54913683,
                                            425.54913683,  750.54913683,  1075.54913683, 1400.54913683,         1725.54913683, 2050.54913683,  2375.54913683, 2700.54913683,
                                           3025.54913683, 3350.54913683,  3675.54913683, 4000.54913683,         4325.54913683, 4650.54913683,  -874.99993473, -549.99993473,
                                           -224.99993473,  100.00006527,   425.00006527,  750.00006527,         1075.00006527, 1400.00006527,  1725.00006527, 2050.00006527,
                                           2375.00006527, 2700.00006527,  3025.00006527, 3350.00006527,         3675.00006527, 4000.00006527,  4325.00006527, 4650.00006527,
                                           -724.99969945, -449.99969945,  -174.99969945,  100.00030055,          375.00030055,  650.00030055,   925.00030055, 1200.00030055,
                                           1475.00030055, 1750.00030055,  2025.00030055, 2300.00030055,         2575.00030055, 2850.00030055,  3125.00030055, 3400.00030055,
                                           3675.00030055, 3950.00030055,  -723.87720109, -448.87720109,         -173.87720109,  101.12279891,   376.12279891,  651.12279891,
                                            926.12279891, 1201.12279891,  1476.12279891, 1751.12279891,         2026.12279891, 2301.12279891,  2576.12279891, 2851.12279891,
                                           3126.12279891, 3401.12279891,  3676.12279891, 3951.12279891,         -716.90246402, -441.90246402,  -166.90246402,  108.09753598,
                                            383.09753598,  658.09753598,   933.09753598, 1208.09753598,         1483.09753598, 1758.09753598,  2033.09753598, 2308.09753598,
                                           2583.09753598, 2858.09753598,  3133.09753598, 3408.09753598,         3683.09753598, 3958.09753598,  -724.88726383, -449.88726383,
                                           -174.88726383,  100.11273617,   375.11273617,  650.11273617,          925.11273617, 1200.11273617,  1475.11273617, 1750.11273617,
                                           2025.11273617, 2300.11273617,  2575.11273617, 2850.11273617,         3125.11273617, 3400.11273617,  3675.11273617, 3950.11273617,
                                           -875.00000000, -550.00000000,  -225.00000000,  100.00000000,          425.00000000,  750.00000000,  1075.00000000, 1400.00000000,
                                           1725.00000000, 2050.00000000,  2375.00000000, 2700.00000000,         3025.00000000, 3350.00000000,  3675.00000000, 4000.00000000,
                                           4325.00000000, 4650.00000000,  -874.99773429, -549.99773429,         -224.99773429,  100.00226571,   425.00226571,  750.00226571,
                                           1075.00226571, 1400.00226571,  1725.00226571, 2050.00226571,         2375.00226571, 2700.00226571,  3025.00226571, 3350.00226571,
                                           3675.00226571, 4000.00226571,  4325.00226571, 4650.00226571,         -872.38050047, -547.38050047,  -222.38050047,  102.61949953,
                                            427.61949953,  752.61949953,  1077.61949953, 1402.61949953,         1727.61949953, 2052.61949953,  2377.61949953, 2702.61949953,
                                           3027.61949953, 3352.61949953,  3677.61949953, 4002.61949953,         4327.61949953, 4652.61949953,  -869.15355006, -544.15355006,
                                           -219.15355006,  105.84644994,   430.84644994,  755.84644994,         1080.84644994, 1405.84644994,  1730.84644994, 2055.84644994,
                                           2380.84644994, 2705.84644994,  3030.84644994, 3355.84644994,         3680.84644994, 4005.84644994,  4330.84644994, 4655.84644994,
                                           -575.00000000, -350.00000000,  -125.00000000,  100.00000000,          325.00000000,  550.00000000,   775.00000000, 1000.00000000,
                                           1225.00000000, 1450.00000000,  1675.00000000, 1900.00000000,         2125.00000000, 2350.00000000,  2575.00000000, 2800.00000000,
                                           3025.00000000, 3250.00000000,  -574.99999994, -349.99999994,         -124.99999994,  100.00000006,   325.00000006,  550.00000006,
                                            775.00000006, 1000.00000006,  1225.00000006, 1450.00000006,         1675.00000006, 1900.00000006,  2125.00000006, 2350.00000006,
                                           2575.00000006, 2800.00000006,  3025.00000006, 3250.00000006,         -574.98797187, -349.98797187,  -124.98797187,  100.01202813,
                                            325.01202813,  550.01202813,   775.01202813, 1000.01202813,         1225.01202813, 1450.01202813,  1675.01202813, 1900.01202813,
                                           2125.01202813, 2350.01202813,  2575.01202813, 2800.01202813,         3025.01202813, 3250.01202813,  -570.29023959, -345.29023959,
                                           -120.29023959,  104.70976041,   329.70976041,  554.70976041,          779.70976041, 1004.70976041,  1229.70976041, 1454.70976041,
                                           1679.70976041, 1904.70976041,  2129.70976041, 2354.70976041,         2579.70976041, 2804.70976041,  3029.70976041, 3254.70976041,
                                           -875.00000000, -550.00000000,  -225.00000000,  100.00000000,          425.00000000,  750.00000000,  1075.00000000, 1400.00000000,
                                           1725.00000000, 2050.00000000,  2375.00000000, 2700.00000000,         3025.00000000, 3350.00000000,  3675.00000000, 4000.00000000,
                                           4325.00000000, 4650.00000000,  -874.99999994, -549.99999994,         -224.99999994,  100.00000006,   425.00000006,  750.00000006,
                                           1075.00000006, 1400.00000006,  1725.00000006, 2050.00000006,         2375.00000006, 2700.00000006,  3025.00000006, 3350.00000006,
                                           3675.00000006, 4000.00000006,  4325.00000006, 4650.00000006,         -874.98797187, -549.98797187,  -224.98797187,  100.01202813,
                                            425.01202813,  750.01202813,  1075.01202813, 1400.01202813,         1725.01202813, 2050.01202813,  2375.01202813, 2700.01202813,
                                           3025.01202813, 3350.01202813,  3675.01202813, 4000.01202813,         4325.01202813, 4650.01202813,  -870.29023959, -545.29023959,
                                           -220.29023959,  104.70976041,   429.70976041,  754.70976041,         1079.70976041, 1404.70976041,  1729.70976041, 2054.70976041,
                                           2379.70976041, 2704.70976041,  3029.70976041, 3354.70976041,         3679.70976041, 4004.70976041,  4329.70976041, 4654.70976041,
                                          -1175.00000000, -750.00000000,  -325.00000000,  100.00000000,          525.00000000,  950.00000000,  1375.00000000, 1800.00000000,
                                           2225.00000000, 2650.00000000,  3075.00000000, 3500.00000000,         3925.00000000, 4350.00000000,  4775.00000000, 5200.00000000,
                                           5625.00000000, 6050.00000000, -1174.99999994, -749.99999994,         -324.99999994,  100.00000006,   525.00000006,  950.00000006,
                                           1375.00000006, 1800.00000006,  2225.00000006, 2650.00000006,         3075.00000006, 3500.00000006,  3925.00000006, 4350.00000006,
                                           4775.00000006, 5200.00000006,  5625.00000006, 6050.00000006,        -1174.98797187, -749.98797187,  -324.98797187,  100.01202813,
                                            525.01202813,  950.01202813,  1375.01202813, 1800.01202813,         2225.01202813, 2650.01202813,  3075.01202813, 3500.01202813,
                                           3925.01202813, 4350.01202813,  4775.01202813, 5200.01202813,         5625.01202813, 6050.01202813, -1170.29023959, -745.29023959,
                                           -320.29023959,  104.70976041,   529.70976041,  954.70976041,         1379.70976041, 1804.70976041,  2229.70976041, 2654.70976041,
                                           3079.70976041, 3504.70976041,  3929.70976041, 4354.70976041,         4779.70976041, 5204.70976041,  5629.70976041, 6054.70976041,
                                          -1019.86326703, -644.86326703,  -269.86326703,  105.13673297,          480.13673297,  855.13673297,  1230.13673297, 1605.13673297,
                                           1980.13673297, 2355.13673297,  2730.13673297, 3105.13673297,         3480.13673297, 3855.13673297,  4230.13673297, 4605.13673297,
                                           4980.13673297, 5355.13673297, -1021.81301611, -646.81301611,         -271.81301611,  103.18698389,   478.18698389,  853.18698389,
                                           1228.18698389, 1603.18698389,  1978.18698389, 2353.18698389,         2728.18698389, 3103.18698389,  3478.18698389, 3853.18698389,
                                           4228.18698389, 4603.18698389,  4978.18698389, 5353.18698389,        -1024.99618291, -649.99618291,  -274.99618291,  100.00381709,
                                            475.00381709,  850.00381709,  1225.00381709, 1600.00381709,         1975.00381709, 2350.00381709,  2725.00381709, 3100.00381709,
                                           3475.00381709, 3850.00381709,  4225.00381709, 4600.00381709,         4975.00381709, 5350.00381709, -1024.99999999, -649.99999999,
                                           -274.99999999,  100.00000001,   475.00000001,  850.00000001,         1225.00000001, 1600.00000001,  1975.00000001, 2350.00000001,
                                           2725.00000001, 3100.00000001,  3475.00000001, 3850.00000001,         4225.00000001, 4600.00000001,  4975.00000001, 5350.00000001,
                                           -716.00000000, -441.00000000,  -166.00000000,  109.00000000,          384.00000000,  659.00000000,   934.00000000, 1209.00000000,
                                           1484.00000000, 1759.00000000,  2034.00000000, 2309.00000000,         2584.00000000, 2859.00000000,  3134.00000000, 3409.00000000,
                                           3684.00000000, 3959.00000000,  -724.60456760, -449.60456760,         -174.60456760,  100.39543240,   375.39543240,  650.39543240,
                                            925.39543240, 1200.39543240,  1475.39543240, 1750.39543240,         2025.39543240, 2300.39543240,  2575.39543240, 2850.39543240,
                                           3125.39543240, 3400.39543240,  3675.39543240, 3950.39543240,         -724.99996646, -449.99996646,  -174.99996646,  100.00003354,
                                            375.00003354,  650.00003354,   925.00003354, 1200.00003354,         1475.00003354, 1750.00003354,  2025.00003354, 2300.00003354,
                                           2575.00003354, 2850.00003354,  3125.00003354, 3400.00003354,         3675.00003354, 3950.00003354,  -725.00000000, -450.00000000,
                                           -175.00000000,  100.00000000,   375.00000000,  650.00000000,          925.00000000, 1200.00000000,  1475.00000000, 1750.00000000,
                                           2025.00000000, 2300.00000000,  2575.00000000, 2850.00000000,         3125.00000000, 3400.00000000,  3675.00000000, 3950.00000000,
                                           -416.00000000, -241.00000000,   -66.00000000,  109.00000000,          284.00000000,  459.00000000,   634.00000000,  809.00000000,
                                            984.00000000, 1159.00000000,  1334.00000000, 1509.00000000,         1684.00000000, 1859.00000000,  2034.00000000, 2209.00000000,
                                           2384.00000000, 2559.00000000,  -424.60456760, -249.60456760,          -74.60456760,  100.39543240,   275.39543240,  450.39543240,
                                            625.39543240,  800.39543240,   975.39543240, 1150.39543240,         1325.39543240, 1500.39543240,  1675.39543240, 1850.39543240,
                                           2025.39543240, 2200.39543240,  2375.39543240, 2550.39543240,         -424.99996646, -249.99996646,   -74.99996646,  100.00003354,
                                            275.00003354,  450.00003354,   625.00003354,  800.00003354,          975.00003354, 1150.00003354,  1325.00003354, 1500.00003354,
                                           1675.00003354, 1850.00003354,  2025.00003354, 2200.00003354,         2375.00003354, 2550.00003354,  -425.00000000, -250.00000000,
                                            -75.00000000,  100.00000000,   275.00000000,  450.00000000,          625.00000000,  800.00000000,   975.00000000, 1150.00000000,
                                           1325.00000000, 1500.00000000,  1675.00000000, 1850.00000000,         2025.00000000, 2200.00000000,  2375.00000000, 2550.00000000], rows: 10, columns: 72)
        
        XCTAssertEqual(kernel_res.shape, expected.shape)
                
        for (value1, value2) in zip(kernel_res.elements, expected.elements) {
            XCTAssertEqual(value1, value2, accuracy: 0.00000001)
        }
    }
    
    func testKernel3() throws {
        let theta = Vector([3.0, 10.0])
        let x = Matrix(elements:[ 7.70277398, 45.00000000,
                                  7.70277398, 25.00000000,
                                  7.70277398,  5.00000000,
                                 11.51337883, 15.00000000,
                                 15.57507173, 25.00000000,
                                 19.70890583, 45.00000000,
                                 19.70890583, 25.00000000,
                                  4.55091682, 35.00000000,
                                  2.43279065, 15.00000000,
                                  2.43279065, -5.00000000], rows: 10, columns: 2)

        let kernel_res = ORKNewAudiometry.kernel(x, x, theta: theta, length: 2.5)
        let expected = Matrix(elements: [2134.00000000, 1234.00000000, 334.00000000, 777.81670520, 1225.06325247, 2125.00008832, 1225.00008832, 1679.06530306, 775.97570659, -124.02429341,
                                         1234.00000000,  734.00000000, 234.00000000, 477.81670520,  725.06325247, 1225.00008832,  725.00008832,  979.06530306, 475.97570659,  -24.02429341,
                                          334.00000000,  234.00000000, 134.00000000, 177.81670520,  225.06325247,  325.00008832,  225.00008832,  279.06530306, 175.97570659,   75.97570659,
                                          777.81670520,  477.81670520, 177.81670520, 334.00000000,  477.40472762,  775.04174780,  475.04174780,  625.18621644, 325.01228542,   25.01228542,
                                         1225.06325247,  725.06325247, 225.06325247, 477.40472762,  734.00000000, 1227.29363485,  727.29363485,  975.00053925, 475.00000898,  -24.99999102,
                                         2125.00008832, 1225.00008832, 325.00008832, 775.04174780, 1227.29363485, 2134.00000000, 1234.00000000, 1675.00000009, 775.00000000, -125.00000000,
                                         1225.00008832,  725.00008832, 225.00008832, 475.04174780,  727.29363485, 1234.00000000,  734.00000000,  975.00000009, 475.00000000,  -25.00000000,
                                         1679.06530306,  979.06530306, 279.06530306, 625.18621644,  975.00053925, 1675.00000009,  975.00000009, 1334.00000000, 631.28589290,  -68.71410710,
                                          775.97570659,  475.97570659, 175.97570659, 325.01228542,  475.00000898,  775.00000000,  475.00000000,  631.28589290, 334.00000000,   34.00000000,
                                         -124.02429341,  -24.02429341,  75.97570659,  25.01228542,  -24.99999102, -125.00000000,  -25.00000000,  -68.71410710,  34.00000000,  134.00000000], rows: 10, columns: 10)
        
        XCTAssertEqual(kernel_res.shape, expected.shape)
        
        for (value1, value2) in zip(kernel_res.elements, expected.elements) {
            XCTAssertEqual(value1, value2, accuracy: 0.00000001)
        }
    }
    
    func testK1() throws {
        let theta = Vector([3.0, 10.0])
        let x = Matrix(elements:[  7.70277398, 45.0,
                                   7.70277398, 65.0,
                                  11.51337883, 55.0,
                                  15.57507173, 65.0,
                                  19.70890583, 45.0,
                                  19.70890583, 65.0,
                                  19.70890583, 85.0,
                                   4.55091682, 75.0,
                                   2.43279065, 55.0,
                                   2.43279065, 35.0], rows: 10, columns: 2)
        
        let k_res = ORKNewAudiometry.k(x, theta, diagOnly: true)
        let expected = Matrix(elements: [2134.00001,    4334.00001,    3134.00001,    4334.00001,    2134.00001,
                                         4334.00001,    7334.00001,    5734.00001,    3134.00001,    1334.00001], rows: 10, columns: 1)
        
        XCTAssertEqual(k_res.shape, expected.shape)
                
        for (value1, value2) in zip(k_res.elements, expected.elements) {
            XCTAssertEqual(value1, value2, accuracy: 0.00000001)
        }
    }
    
    func testK2() throws {
        let theta = Vector([3.0, 10.0])
        let x = Matrix(elements:[  7.70277398, 45.0,
                                   7.70277398, 65.0,
                                  11.51337883, 55.0,
                                  15.57507173, 65.0,
                                  19.70890583, 45.0,
                                  19.70890583, 65.0,
                                  19.70890583, 85.0,
                                   4.55091682, 75.0,
                                   2.43279065, 55.0,
                                   2.43279065, 35.0], rows: 10, columns: 2)
        
        let k_res = ORKNewAudiometry.k(x, theta)
        let expected = Matrix(elements: [2134.00001000, 3034.00000000, 2578.32440647, 3025.12830705, 2125.00045765, 3025.00045765, 3925.00045765, 3479.55336404, 2576.33960367, 1676.33960367,
                                         3034.00000000, 4334.00001000, 3678.32440647, 4325.12830705, 3025.00045765, 4325.00045765, 5625.00045765, 4979.55336404, 3676.33960367, 2376.33960367,
                                         2578.32440647, 3678.32440647, 3134.00001000, 3677.90292586, 2575.08985640, 3675.08985640, 4775.08985640, 4225.32381091, 3125.03148425, 2025.03148425,
                                         3025.12830705, 4325.12830705, 3677.90292586, 4334.00001000, 3027.78756383, 4327.78756383, 5627.78756383, 4975.00215858, 3675.00006448, 2375.00006448,
                                         2125.00045765, 3025.00045765, 2575.08985640, 3027.78756383, 2134.00001000, 3034.00000000, 3934.00000000, 3475.00000129, 2575.00000001, 1675.00000001,
                                         3025.00045765, 4325.00045765, 3675.08985640, 4327.78756383, 3034.00000000, 4334.00001000, 5634.00000000, 4975.00000129, 3675.00000001, 2375.00000001,
                                         3925.00045765, 5625.00045765, 4775.08985640, 5627.78756383, 3934.00000000, 5634.00000000, 7334.00001000, 6475.00000129, 4775.00000001, 3075.00000001,
                                         3479.55336404, 4979.55336404, 4225.32381091, 4975.00215858, 3475.00000129, 4975.00000129, 6475.00000129, 5734.00001000, 4231.61613509, 2731.61613509,
                                         2576.33960367, 3676.33960367, 3125.03148425, 3675.00006448, 2575.00000001, 3675.00000001, 4775.00000001, 4231.61613509, 3134.00001000, 2034.00000000,
                                         1676.33960367, 2376.33960367, 2025.03148425, 2375.00006448, 1675.00000001, 2375.00000001, 3075.00000001, 2731.61613509, 2034.00000000, 1334.00001000], rows: 10, columns: 10)
        
        XCTAssertEqual(k_res.shape, expected.shape)
        for (value1, value2) in zip(k_res.elements, expected.elements) {
            XCTAssertEqual(value1, value2, accuracy: 0.00000001)
        }
    }
    
    func testPosteriorMode() throws {
        let theta = Vector([3.0, 10.0])
        
        let x = Matrix(elements:[ 7.70277398, 45.00000000,
                                  7.70277398, 25.00000000,
                                  7.70277398,  5.00000000,
                                 11.51337883, 15.00000000,
                                 15.57507173, 25.00000000,
                                 19.70890583, 45.00000000,
                                 19.70890583, 25.00000000,
                                  4.55091682, 35.00000000,
                                  2.43279065, 15.00000000,
                                  2.43279065, -5.00000000], rows: 10, columns: 2)
        
        let k_a = ORKNewAudiometry.k(x, theta)
        let expectedK_a = Matrix(elements: [2134.00001000, 1234.00000000,  334.00000000,  778.32440647, 1225.12830705, 2125.00045765, 1225.00045765, 1679.55336404,  776.33960367, -123.66039633,
                                            1234.00000000,  734.00001000,  234.00000000,  478.32440647,  725.12830705, 1225.00045765,  725.00045765,  979.55336404,  476.33960367,  -23.66039633,
                                             334.00000000,  234.00000000,  134.00001000,  178.32440647,  225.12830705,  325.00045765,  225.00045765,  279.55336404,  176.33960367,   76.33960367,
                                             778.32440647,  478.32440647,  178.32440647,  334.00001000,  477.90292586,  775.08985640,  475.08985640,  625.32381091,  325.03148425,   25.03148425,
                                            1225.12830705,  725.12830705,  225.12830705,  477.90292586,  734.00001000, 1227.78756383,  727.78756383,  975.00215858,  475.00006448,  -24.99993552,
                                            2125.00045765, 1225.00045765,  325.00045765,  775.08985640, 1227.78756383, 2134.00001000, 1234.00000000, 1675.00000129,  775.00000001, -124.99999999,
                                            1225.00045765,  725.00045765,  225.00045765,  475.08985640,  727.78756383, 1234.00000000,  734.00001000,  975.00000129,  475.00000001,  -24.99999999,
                                            1679.55336404,  979.55336404,  279.55336404,  625.32381091,  975.00215858, 1675.00000129,  975.00000129, 1334.00001000,  631.61613509,  -68.38386491,
                                             776.33960367,  476.33960367,  176.33960367,  325.03148425,  475.00006448,  775.00000001,  475.00000001,  631.61613509,  334.00001000,   34.00000000,
                                            -123.66039633,  -23.66039633,   76.33960367,   25.03148425,  -24.99993552, -124.99999999,  -24.99999999,  -68.38386491,   34.00000000,  134.00001000], rows: 10, columns: 10)
     
        XCTAssertEqual(k_a.shape, expectedK_a.shape)
        for (value1, value2) in zip(k_a.elements, expectedK_a.elements) {
            XCTAssertEqual(value1, value2, accuracy: 0.00000001)
        }
                    
        let t = Matrix<Double>(elements:[1, 1, 0, 0, 0, 1, 0, 1, 1, 0], rows: 10, columns: 1)
        let res = ORKNewAudiometry.posteriorMode(x, t, k_a)
        
        let expected = Matrix(elements: [5.88272234, 1.61086025, -2.66100579, -2.42150805, -1.59329686, 2.94796752, -1.32389880, 4.91362329, 0.91564874, -3.35621818], rows: 10, columns: 1)
        
        XCTAssertEqual(res.shape, expected.shape)
        for (value1, value2) in zip(res.elements, expected.elements) {
            XCTAssertEqual(value1, value2, accuracy: 0.00000001)
        }
    }
    
    func testDet() throws {
        let matrix = Matrix<Double>(elements: [1,2,3,4], rows: 2, columns: 2)
        let det = matrix.det()
        XCTAssertEqual(det!, -2)

        let slogdet = matrix.slogdet()
        XCTAssertEqual(slogdet.sign, -1)
        XCTAssertEqual(slogdet.determinant, 0.69314718055994529, accuracy: 0.0000000000000001)
    }
    
    func testNllFn() throws {
        let theta = Vector([3.0, 10.0])
        
        let x = Matrix(elements:[ 7.70277398, 45.00000000,
                                  7.70277398, 25.00000000,
                                  7.70277398,  5.00000000,
                                 11.51337883, 15.00000000,
                                 15.57507173, 25.00000000,
                                 19.70890583, 45.00000000,
                                 19.70890583, 25.00000000,
                                  4.55091682, 35.00000000,
                                  2.43279065, 15.00000000,
                                  2.43279065, -5.00000000], rows: 10, columns: 2)
        
        let t = Matrix<Double>(elements:[1, 1, 0, 0, 0, 1, 0, 1, 1, 0], rows: 10, columns: 1)
        
        let res = ORKNewAudiometry.nllFn(theta, x, t)
        let expected = -8.29694580681746
        
        XCTAssertEqual(res, expected, accuracy: 0.000001)
    }
    
    func testNllFn2() throws {
        let theta = Vector([5.0 + 1e-8, 10.0])
        
        let x = Matrix(elements:[ 7.70277398, 45.00000000,
                                  7.70277398, 25.00000000,
                                  7.70277398,  5.00000000,
                                 11.51337883, 15.00000000,
                                 15.57507173, 25.00000000,
                                 19.70890583, 45.00000000,
                                 19.70890583, 25.00000000,
                                  4.55091682, 35.00000000,
                                  2.43279065, 15.00000000,
                                  2.43279065, -5.00000000], rows: 10, columns: 2)
        
        let t = Matrix<Double>(elements:[1, 1, 0, 0, 0, 1, 0, 1, 1, 0], rows: 10, columns: 1)
        
        let res = ORKNewAudiometry.nllFn(theta, x, t)
        let expected = -12.950674210719711
        
        XCTAssertEqual(res, expected, accuracy: 0.000001)
    }
    
    func testNllFn3() throws {
        let theta = Vector([5.0, 10.0 + 1e-8])
        
        let x = Matrix(elements:[ 7.70277398, 45.00000000,
                                  7.70277398, 25.00000000,
                                  7.70277398,  5.00000000,
                                 11.51337883, 15.00000000,
                                 15.57507173, 25.00000000,
                                 19.70890583, 45.00000000,
                                 19.70890583, 25.00000000,
                                  4.55091682, 35.00000000,
                                  2.43279065, 15.00000000,
                                  2.43279065, -5.00000000], rows: 10, columns: 2)
        
        let t = Matrix<Double>(elements:[1, 1, 0, 0, 0, 1, 0, 1, 1, 0], rows: 10, columns: 1)
        
        let res = ORKNewAudiometry.nllFn(theta, x, t)
        let expected = -12.950674194782177
        
        XCTAssertEqual(res, expected, accuracy: 0.000001)
    }
    
    func testNllFn4() throws {
        let theta = Vector([33.8370281151998427, 43.3996147086638757])
        
        let x = Matrix(elements:[ 7.70277398, 45.00000000,
                                  7.70277398, 25.00000000,
                                 11.51337883, 35.00000000,
                                 15.57507173, 25.00000000,
                                 19.70890583,  5.00000000,
                                 19.70890583, 25.00000000,
                                  4.55091682, 15.00000000,
                                  2.43279065, 35.00000000,
                                  2.43279065, 15.00000000,
                                 12.56016852,  6.17977528,
                                 16.73026528,  8.87640449,
                                  4.81570309, 31.79775281,
                                 11.96444041, 22.35955056,
                                  2.43279065, 23.70786517,
                                 19.70890583, 16.96629213,
                                  5.4114312 , 25.05617978,
                                 16.73026528, 18.31460674,
